1339039405 480696
1339075159 480578
1339081994 481084
1339330249 481290
1339330420 481294
1339330473 481289
1340307244 0
1340307345 513743
1340309629 513743
1340312593 513747
1340333294 513696
1340333354 513664
1340333534 513670
1340333557 513670
1340333584 513672
1340333611 513672
1340334296 513579
1340334396 513579
1340334561 513579
1340335285 503766
1340335655 503042
1340336569 503042
1340336592 503042
1340336629 502538
1340336713 502503
1340381561 502503
1340381620 502510
1340381721 502518
1340381958 502515
1340482015 502541
1340482445 502540
1340483772 502542
1340483861 502543
1340580359 502541
1340580388 502538
1340580424 502538
1340580476 502538
1340580509 502538
1340581614 502540
1340581646 502540
1340581682 502542
1340587914 502592
1340590367 502592
1340593878 502596
1340596281 502596
1340630609 502598
1340630644 502598
1340630881 502703
1340630920 502728
1340631126 559121
1340631710 559028
1340728501 559117
1340728527 516119
1340805880 516129
1340806989 516092
1340820552 516046
1340824118 516046
1340836613 516114
1340836628 516114
1340840161 516128
1340840521 516128
1340844402 516128
1340853836 516128
1340857323 516128
1340915325 516128
1340917596 516094
1340917631 516094
1340918632 516094
1340919118 516094
1340919145 516126
1340919770 516126
1340923150 516126
1340923170 516130
1340924789 516130
1340924813 502905
1340927089 502911
1340927123 503074
1340928272 503070
1340928310 503070
1340940675 503073
1340940703 503115
1340941072 503115
1340941692 503118
1340942211 503118
1340942482 503118
1340980074 503120
1340980398 503120
1340989414 503138
1340991001 503156
1340991058 503155
1340993790 503194
1340995169 503240
1340996813 503240
1340998667 503263
1340998695 503263
1341005168 503290
1341006032 503290
1341008599 503292
1341018494 503303
1341022429 503306
1341163932 503306
1341232201 503334
1341232241 503335
1341243198 503330
1341245035 503351
1341256194 503345
1341256223 503371
1341256642 503374
1341266780 503374
1341266849 503425
1341266900 503425
1341271480 503426
1341272875 503428
1341274116 503417
1341312283 503422
1341314096 503413
1341315691 503420
1341344396 503420
1341345780 503421
1341598910 503421
1341598982 503421
1341601280 503421
1341602393 503429
1341603155 503430
1341603284 503430
1341603289 503431
1341837080 503434
1341837153 503433
1341837207 503435
1341837242 503438
1341840040 503418
1341855057 503456
1341856335 503456
1341972222 503456
1341972271 519197
1341974232 519196
1342054413 519254
1342232639 519250
1342232809 519266
1342232847 519290
1342327248 519290
1342327300 519290
1342327360 519335
1342408712 519339
1342658231 519350
1342661319 519396
1342667377 519440
1342702633 519440
1342702645 519440
1343313217 519440
1343313232 519743
1343315672 519743
1343407820 519743
1343411744 519747
1343413118 519747
1343676528 519745
1343676616 519781
1343760470 519923
1343760479 519925
1343765708 519925
1343818907 487818
1343819332 504337
1343842701 504512
1343844391 504512
1343847345 504512
1343848274 504512
1343851496 504518
1343851510 504521
1343933020 504527
1343933037 504593
1343933987 504593
1343943956 504593
1344178385 504851
1344265652 504847
